,debias_point,debias_var,dim,dim_var,undebias_point,undebias_var,J,Q,K,M,epochs,n_folds,uplift_factor,truth,truth_stderr
0,-0.029300117034811893,0.22196179610634945,-0.11050199837510216,1.4127660975253835,-0.01693166,0.0017449073,500,1000,3,500,500,3,-1.0,-0.01655700185276271,0.011324212120703461
